     0/119        0G      5.35      8.51      2.18        16        35       352         0         0  8.28e-05         0       nan       nan       nan
     1/119        0G      5.02      3.91      1.56      10.5        29       608     0.012    0.0579   0.00604    0.0198       nan       nan       nan
     2/119        0G      4.81      3.74      1.33      9.88        29       576    0.0236    0.0263   0.00568    0.0249       nan       nan       nan
     3/119        0G      4.49      3.44      1.24      9.16        35       320    0.0156    0.0263      0.01    0.0196       nan       nan       nan
     4/119        0G      4.37       3.2      1.19      8.76        33       640     0.111    0.0957    0.0254    0.0607       nan       nan       nan
     5/119        0G      3.97      2.29      1.14       7.4        29       544     0.161      0.16    0.0525      0.11       nan       nan       nan
     6/119        0G      3.75      2.17      1.09      7.01        32       416     0.186     0.241    0.0967     0.194       nan       nan       nan
     7/119        0G      3.62      2.93      1.01      7.56        37       384     0.189     0.477     0.167     0.262       nan       nan       nan
     8/119        0G      3.42      2.25     0.999      6.66        32       608     0.243     0.471     0.212     0.315       nan       nan       nan
     9/119        0G       3.3      2.62     0.936      6.86        34       352     0.194      0.55     0.216     0.283       nan       nan       nan
    10/119        0G      3.19      2.26     0.929      6.38        45       352     0.231     0.519     0.265     0.318       nan       nan       nan
    11/119        0G      3.15      2.14     0.844      6.13        26       512     0.229     0.534     0.293     0.319      2.76      1.05     0.929
    12/119        0G      3.03      2.26     0.839      6.12        37       416     0.242     0.597     0.348     0.343      2.78      1.04      0.84
    13/119        0G      3.02      1.92     0.775      5.71        33       320     0.254     0.566     0.363      0.35      2.65     0.999     0.766
    14/119        0G      2.92      1.92     0.744      5.59        34       608     0.236     0.618     0.369     0.341      2.54      1.01     0.709
    15/119        0G      2.97      1.63     0.671      5.26        35       576     0.319     0.617     0.466     0.418      2.76     0.937     0.589
    16/119        0G      3.51      1.34     0.679      5.53        30       384       0.1      0.22    0.0816     0.136      5.52     0.721     0.509
    17/119        0G       3.7      1.81     0.638      6.15        33       320     0.279     0.581     0.375     0.377      2.46     0.887     0.543
    18/119        0G      3.05      1.68     0.568      5.29        38       480     0.287      0.67     0.404     0.392      2.44     0.897     0.474
    19/119        0G      3.12      1.21     0.533      4.86        34       640     0.343     0.643     0.415     0.392       2.5      0.91     0.394
    20/119        0G      2.79       1.4     0.561      4.75        42       352     0.278     0.727     0.441     0.379      2.74     0.877     0.319
    21/119        0G      2.82      1.74     0.545       5.1        36       416     0.315      0.68     0.464     0.404      2.17     0.868     0.309
    22/119        0G       2.5      1.33     0.466       4.3        43       608     0.292     0.712     0.498      0.38      2.31     0.913     0.275
    23/119        0G      2.56      1.38     0.431      4.37        35       640      0.34     0.701     0.576     0.431      2.18     0.854     0.267
    24/119        0G       2.5      1.84     0.462       4.8        32       544     0.316     0.768     0.545     0.425       2.1     0.867     0.241
    25/119        0G      2.55      1.43     0.457      4.44        29       320     0.283     0.738     0.506     0.401      2.11     0.839     0.238
    26/119        0G      2.42      1.57     0.411       4.4        29       512     0.343     0.774     0.584     0.462      1.95     0.843     0.248
    27/119        0G      2.47      1.61     0.472      4.55        40       320     0.324     0.785     0.586     0.443      1.97      0.84     0.244
    28/119        0G      2.35      1.45     0.399       4.2        38       320     0.332     0.764     0.589     0.453      1.99     0.803     0.241
    29/119        0G      2.35       1.6     0.415      4.36        33       416     0.288     0.801     0.559     0.407      2.06     0.837     0.222
    30/119        0G      2.27      1.44     0.375      4.08        31       448      0.36     0.785     0.602     0.481      1.87     0.813     0.223
    31/119        0G      2.26      1.48      0.32      4.06        27       352     0.382     0.785     0.636     0.509         2     0.803     0.243
    32/119        0G      2.28      1.65     0.401      4.33        31       640     0.371     0.775     0.621     0.498      1.81     0.805     0.246
    33/119        0G       2.2      1.29     0.391      3.88        27       384     0.367     0.748     0.627     0.485      2.01     0.775     0.199
    34/119        0G      2.26      1.88     0.376      4.52        36       640     0.363     0.769     0.631     0.492      1.93     0.801     0.216
    35/119        0G      2.17      1.39     0.322      3.89        32       320     0.373     0.769     0.599       0.5      1.78     0.802     0.186
    36/119        0G      2.03      1.06     0.338      3.43        33       512     0.414     0.785     0.671     0.537       1.8     0.776     0.155
    37/119        0G      2.08      1.37     0.345       3.8        37       608     0.468     0.806     0.718     0.588      1.77     0.759     0.159
    38/119        0G       2.1      1.56     0.331      3.99        31       480     0.393     0.806     0.675     0.527      1.74     0.779     0.196
    39/119        0G      2.13      1.51     0.358      3.99        43       320     0.372     0.796     0.643     0.503      1.83     0.784     0.185
    40/119        0G      2.13       1.6     0.331      4.06        31       480     0.402     0.775     0.642     0.529      1.78     0.778      0.18
    41/119        0G      2.06      1.48     0.302      3.84        32       544     0.445     0.759     0.671     0.561      1.74     0.764      0.18
    42/119        0G       2.1      1.49     0.369      3.96        31       352     0.456     0.775     0.679     0.573      1.73     0.772      0.19
    43/119        0G      1.97      1.37     0.322      3.65        29       352     0.461     0.796     0.689     0.583      1.71     0.768     0.183
    44/119        0G      2.02      1.27     0.273      3.56        32       352     0.496     0.801     0.712     0.613      1.74     0.764     0.164
    45/119        0G      2.08      1.49     0.279      3.85        45       448      0.47     0.753     0.688     0.579       1.7     0.768     0.177
    46/119        0G      1.96      1.25     0.285      3.49        34       608     0.462      0.78     0.678      0.58       1.8     0.767     0.169
    47/119        0G      2.03      1.55     0.324       3.9        37       416     0.462     0.759     0.673     0.574       1.7     0.769     0.157
    48/119        0G      2.01       1.6     0.296       3.9        30       576     0.424     0.764     0.658     0.545      1.73     0.789     0.174
    49/119        0G      1.87      1.13     0.263      3.27        35       640     0.478     0.775     0.704     0.591      1.64     0.769     0.146
    50/119        0G      1.94      1.44     0.291      3.66        40       448       0.5     0.784     0.721      0.61      1.59     0.757     0.137
    51/119        0G      1.92      1.38     0.313      3.61        35       352     0.489     0.798     0.724     0.606      1.62     0.767     0.145
    52/119        0G      1.95      1.44     0.284      3.68        42       352     0.425     0.785     0.688     0.549      1.63     0.759      0.15
    53/119        0G      1.95      1.36     0.283      3.59        27       320     0.476      0.81      0.74       0.6      1.62     0.756     0.139
    54/119        0G      1.94      1.46     0.313      3.71        43       544     0.476     0.796     0.734     0.596      1.65     0.747     0.148
    55/119        0G       1.9      1.31     0.286       3.5        39       608     0.458     0.821     0.731     0.588      1.59     0.747     0.136
    56/119        0G      1.83      1.11     0.306      3.25        34       512     0.477     0.807     0.735     0.599      1.61     0.737     0.119
    57/119        0G      1.77      1.05     0.268      3.09        36       544     0.535     0.754     0.743     0.626      1.57     0.721     0.119
    58/119        0G      1.76      1.16       0.3      3.22        33       416     0.528     0.801     0.756     0.637      1.54     0.721     0.114
    59/119        0G      1.93      1.47     0.299       3.7        32       576     0.457     0.822     0.735     0.586      1.58     0.733     0.117
    60/119        0G      1.82      1.28     0.277      3.38        30       448     0.484     0.821     0.749     0.608      1.57     0.739     0.119
    61/119        0G      1.88      1.52     0.263      3.67        30       352     0.519     0.794     0.743     0.628      1.56     0.728     0.139
    62/119        0G      1.92      1.58     0.274      3.78        25       544     0.497      0.79      0.73      0.61      1.57     0.734     0.158
    63/119        0G      1.79       1.3      0.23      3.32        26       480     0.496     0.801     0.743     0.612      1.56     0.732     0.144
    64/119        0G      1.79      1.18     0.288      3.26        31       352     0.543     0.806     0.762     0.649      1.54     0.718     0.139
    65/119        0G      1.82      1.19     0.247      3.26        34       416     0.525     0.801     0.769     0.634      1.52     0.721     0.135
    66/119        0G      1.71      1.13      0.23      3.07        36       512     0.496     0.812     0.767     0.616      1.51     0.736     0.121
    67/119        0G      1.85      1.36     0.268      3.48        37       320       0.5     0.799     0.753     0.615      1.54     0.732     0.124
    68/119        0G      1.77      1.21     0.253      3.23        35       352     0.467     0.775     0.735     0.582      1.56     0.732     0.126
    69/119        0G      1.75      1.25     0.232      3.23        31       512     0.498     0.785     0.747     0.609      1.51     0.725     0.117
    70/119        0G      1.81      1.42     0.245      3.48        33       448     0.529      0.79     0.749     0.634      1.52     0.712     0.122
    71/119        0G      1.85      1.52      0.26      3.63        22       384      0.53     0.792     0.751     0.635      1.55      0.71     0.133
    72/119        0G      1.74      1.24     0.232      3.21        32       512      0.52     0.822     0.767     0.637      1.51     0.717     0.123
    73/119        0G      1.74      1.27     0.239      3.25        28       320     0.539     0.832     0.776     0.654      1.48     0.715     0.111
    74/119        0G      1.88       1.6     0.285      3.76        39       608      0.54     0.811     0.765     0.648      1.52     0.714      0.13
    75/119        0G      1.75      1.17     0.272      3.19        36       576      0.52     0.796     0.757     0.628      1.52     0.715     0.124
    76/119        0G      1.69      1.31     0.238      3.24        30       320     0.531     0.796     0.757     0.636      1.52     0.704     0.117
    77/119        0G      1.72      1.11      0.27       3.1        31       640     0.512     0.806     0.765     0.625      1.48     0.714     0.113
    78/119        0G      1.76      1.25     0.249      3.26        33       512      0.54     0.806     0.765     0.647       1.5     0.711     0.119
    79/119        0G      1.78      1.33     0.301      3.42        32       320     0.531      0.81     0.766     0.641      1.47     0.709     0.122
    80/119        0G      1.66      1.15     0.225      3.04        26       640     0.499     0.827     0.762     0.622      1.47     0.712     0.128
    81/119        0G      1.82       1.6     0.253      3.67        41       320     0.499     0.822     0.753     0.621      1.48     0.719     0.146
    82/119        0G      1.67      1.17     0.225      3.06        37       416     0.504     0.827     0.755     0.626      1.46     0.719      0.14
    83/119        0G       1.7      1.14     0.238      3.08        35       576     0.528     0.827     0.766     0.645      1.45     0.713     0.138
    84/119        0G      1.75      1.37     0.265      3.39        35       352     0.536     0.838     0.772     0.654      1.45      0.71     0.138
    85/119        0G      1.71      1.51     0.206      3.42        29       384     0.516     0.832     0.769     0.637      1.47     0.704     0.142
    86/119        0G      1.71       1.3     0.242      3.25        38       320     0.533     0.848      0.78     0.655      1.48     0.703     0.133
    87/119        0G      1.74      1.33     0.205      3.28        31       352     0.534     0.848     0.784     0.655      1.48     0.702     0.134
    88/119        0G      1.76      1.46     0.246      3.47        34       320     0.525     0.832     0.777     0.644      1.48     0.701     0.136
    89/119        0G      1.72      1.43     0.223      3.37        34       416     0.516     0.827      0.77     0.635      1.48     0.707     0.138
    90/119        0G      1.79      1.42     0.261      3.47        36       320     0.525     0.838     0.771     0.646      1.47     0.704     0.137
    91/119        0G      1.75      1.44     0.256      3.44        38       384     0.532     0.832     0.765     0.649      1.46     0.709     0.137
    92/119        0G      1.68      1.37     0.218      3.27        34       384     0.524     0.832     0.769     0.643      1.45     0.709     0.128
    93/119        0G      1.69      1.33     0.226      3.24        29       448     0.522     0.836     0.774     0.643      1.45     0.708     0.122
    94/119        0G      1.66      1.16     0.258      3.07        36       608     0.522     0.851      0.78     0.647      1.45     0.703     0.111
    95/119        0G      1.73      1.33      0.25      3.31        41       384     0.556     0.855     0.787     0.674      1.43     0.705     0.111
    96/119        0G      1.61       1.3     0.225      3.13        34       416     0.544     0.843     0.781     0.661      1.44     0.704     0.114
    97/119        0G      1.68       1.3     0.221       3.2        42       640     0.547     0.848     0.782     0.665      1.46     0.703     0.115
    98/119        0G      1.76      1.43     0.262      3.46        31       352     0.532     0.838      0.78     0.651      1.45     0.702     0.118
    99/119        0G      1.69      1.27     0.237       3.2        38       512     0.528     0.836     0.777     0.647      1.46     0.702     0.121
   100/119        0G      1.65      1.21     0.228      3.08        39       352     0.548     0.848     0.781     0.665      1.43     0.701     0.108
   101/119        0G      1.65      1.09     0.225      2.97        30       576     0.539     0.848     0.785     0.659      1.42     0.701     0.103
   102/119        0G      1.73      1.41     0.232      3.38        41       480     0.536     0.833     0.781     0.652      1.43       0.7     0.106
   103/119        0G      1.63      1.27     0.247      3.15        38       352     0.545     0.817     0.778     0.654      1.43     0.702     0.109
   104/119        0G      1.69      1.42     0.256      3.37        41       384     0.537     0.822     0.777     0.649      1.45       0.7     0.112
   105/119        0G      1.63      1.22     0.203      3.05        29       384     0.537     0.828     0.781     0.652      1.41       0.7      0.11
   106/119        0G      1.61      1.21     0.266      3.08        45       480     0.546     0.843     0.785     0.663      1.42     0.697     0.107
   107/119        0G       1.6      1.16     0.258      3.02        32       416     0.562     0.838     0.787     0.672      1.43     0.697     0.108
   108/119        0G      1.71      1.32     0.238      3.27        28       416     0.549     0.832     0.782     0.662      1.43     0.695     0.109
   109/119        0G      1.65      1.25     0.247      3.15        33       608     0.557     0.832     0.781     0.667      1.44     0.695     0.108
   110/119        0G      1.69      1.21     0.268      3.17        32       544     0.553     0.843     0.784     0.668      1.43     0.697     0.104
   111/119        0G      1.71      1.25     0.217      3.17        30       320     0.537     0.843     0.787     0.656      1.42     0.697     0.103
   112/119        0G      1.77      1.47     0.255      3.49        35       512     0.547     0.838     0.787     0.662      1.43     0.696      0.11
   113/119        0G       1.6      1.09     0.202      2.89        37       448     0.542     0.838      0.79     0.658      1.42     0.697     0.105
   114/119        0G      1.64      1.22     0.193      3.05        35       352     0.553     0.838     0.788     0.666      1.42     0.697     0.107
   115/119        0G      1.72       1.4     0.234      3.36        34       480     0.545     0.838     0.786      0.66      1.43     0.696     0.111
   116/119        0G       1.7      1.36     0.239       3.3        33       448     0.539     0.848     0.782     0.659      1.43     0.699     0.112
   117/119        0G      1.64      1.13     0.237      3.01        37       640     0.536     0.845     0.786     0.656      1.43     0.699     0.108
   118/119        0G      1.65      1.15     0.239      3.03        38       576     0.547     0.848     0.788     0.665      1.43     0.697     0.105
   119/119        0G      1.61      1.15     0.229      2.98        34       608     0.533     0.838     0.788     0.651      1.42     0.696     0.105
